        0.5000000000   340359.9847927876
        0.6000000000   180095.6405077130
        0.7000000000    98957.5804990139
        0.8000000000    57433.7064946517
        0.9000000000    35920.7820604462
        1.0000000000    24360.0365163032
        1.1000000000    17616.8135302830
        1.2000000000    13199.3477367144
        1.3000000000     9990.7548436616
        1.4000000000     7524.9223772511
        1.5000000000     5600.9397770502
        1.6000000000     4111.4958152883
        1.7000000000     2976.6677190028
        1.8000000000     2126.4659161475
        1.9000000000     1499.0387333818
        2.0000000000     1042.1683349181
        2.1000000000      713.0440052841
        2.2000000000      478.5094971806
        2.3000000000      312.0608384404
        2.4000000000      196.7407630403
        2.5000000000      118.5200155992
        2.6000000000       64.5571372733
        2.7000000000       29.8342802804
        2.8000000000        7.4838649165
        2.9000000000       -6.1670162547
        3.0000000000      -13.9697772339
        3.1000000000      -17.9528022744
        3.2000000000      -19.4818818141
        3.3000000000      -19.4160394333
        3.4000000000      -18.8324564714
        3.5000000000      -17.7091854680
        3.6000000000      -15.6592927054
        3.7000000000      -14.0266211554
        3.8000000000      -12.8954490665
        3.9000000000      -11.3766848352
        4.0000000000       -9.9950922262
        4.1000000000       -8.7293822095
        4.2000000000       -7.6717341132
        4.3000000000       -6.7477460466
        4.4000000000       -5.9431521613
        4.5000000000       -5.2366634253
        4.6000000000       -4.6256461386
        4.7000000000       -4.0640106369
        4.8000000000       -3.6009192318
        4.9000000000       -3.1937938482
        5.0000000000       -2.8349528760
        5.1000000000       -2.4925725013
        5.2000000000       -2.2136202846
        5.3000000000       -1.9664918855
        5.4000000000       -1.7478951830
        5.5000000000       -1.5545380600
        5.6000000000       -1.3831283990
        5.7000000000       -1.2316909246
        5.8000000000       -1.0973724686
        5.9000000000       -0.9786367100
        6.0000000000       -0.8735083770
        6.1000000000       -0.7802316714
        6.2000000000       -0.6972702742
        6.3000000000       -0.6239657570
        6.4000000000       -0.5585623253
        6.5000000000       -0.4856967591
        6.6000000000       -0.4352176022
        6.7000000000       -0.3904447816
        6.8000000000       -0.3502809312
        6.9000000000       -0.3147260472
        7.0000000000       -0.2826827541
        7.1000000000       -0.2541510556
        7.2000000000       -0.2286920026
        7.3000000000       -0.2058666442
        7.4000000000       -0.1852360312
        7.5000000000       -0.1670196392
        7.6000000000       -0.1253194660
        7.7000000000       -0.1112730913
        7.8000000000       -0.0987630393
        7.9000000000       -0.0877893101
        8.0000000000       -0.0781324264
        8.1000000000       -0.0695729181
        8.2000000000       -0.0621107798
        8.3000000000       -0.0555265434
        8.4000000000       -0.0493812542
        8.5000000000       -0.0438943896
        8.6000000000       -0.0388464741
        8.7000000000       -0.0474059824
        8.8000000000       -0.0419191178
        8.9000000000       -0.0368712023
        9.0000000000       -0.0322622359
        9.1000000000       -0.0278727431
        9.2000000000       -0.0237027258
        9.3000000000       -0.0199716575
        9.4000000000       -0.0164600648
        9.5000000000       -0.0131679457
        9.6000000000       -0.0100953020
        9.7000000000       -0.0072421301
        9.8000000000       -0.0046084356
        9.9000000000       -0.0021942146
       10.0000000000        0.0000005309
